a=7.0
A=89.33333333333333
b=3.0
c=89.93333333333332
n=9.0
